-511.000000
51446.738829
-133.278611
-112.275631
-106.212885
-103.780600
-102.510888
-101.740960
-101.371433
-100.479893
-100.461577
-100.114782
-100.304365
-99.894008
-100.228333
-100.076957
-100.158560
-99.525159
-99.295492
-100.765951
-100.288746
-99.801393
-99.648031
-100.316048
-99.425999
-100.066401
-99.207311
-99.554535
-99.181971
-100.175446
-98.795414
-100.072403
-99.299918
-101.120347
-99.234656
-99.776360
-98.155263
-99.567276
-99.861088
-99.317065
-99.317597
-100.355526
-97.482201
-98.969483
-100.252591
-99.869115
-100.559501
-100.968884
-98.874029
-101.341755
-100.264586
-98.795035
-97.868175
-100.599197
-98.657264
-96.567546
-98.962873
-104.408797
-101.043102
-102.470892
-100.723715
-97.364654
-98.475192
-98.549275
-102.445744
-99.953874
-99.989086
-95.326379
-96.779665
-99.650872
-103.336506
-100.805154
-99.942294
-99.354157
-101.062467
-103.472474
-100.687733
-96.749462
-97.858990
-98.364534
-102.232244
-101.700705
-102.068164
-99.078447
-98.864432
-98.109566
-100.601820
-97.596318
-100.882636
-97.866369
-101.080653
-101.252802
-99.345650
-98.226097
-105.818120
-102.233878
-104.772761
-99.121091
-97.061934
-96.692024
-98.690946
-102.807600
-98.818012
-99.480659
-101.308866
-100.862809
-102.615094
-102.705499
-99.473272
-104.370874
-98.831925
-97.182726
-102.983571
-97.454410
-102.046184
-96.917992
-96.748984
-98.196039
-98.247650
-99.082993
-98.446655
-101.833041
-102.495805
-103.704642
-99.251651
-99.066074
-98.348298
-99.776049
-101.050253
-95.936185
-100.727804
-94.546204
-104.852016
-92.185611
-100.205079
-97.918959
-98.329009
-97.175525
-98.562258
-105.628236
-99.734353
-100.901840
-98.085498
-105.567451
-100.994754
-95.592819
-101.811868
-103.887461
-100.928781
-94.589773
-101.017137
-104.098187
-95.121588
-102.091650
-98.407393
-106.346040
-94.733709
-101.529679
-95.459321
-96.508633
-88.659802
-100.701584
-98.433879
-104.137708
-97.836887
-100.370192
-102.712242
-98.566815
-103.906192
-96.455473
-101.501176
-104.390873
-94.658819
-102.862005
-97.094338
-105.619323
-101.151636
-93.298812
-106.185035
-98.710082
-100.798542
-92.526365
-99.644110
-90.711353
-96.390801
-102.780503
-93.677639
-102.324151
-95.353245
-91.946342
-103.545970
-104.901759
-98.095452
-96.377310
-96.598359
-94.929711
-103.920752
-104.748261
-91.934356
-100.836383
-94.326477
-89.295180
-90.040031
-109.354868
-101.970574
-102.702115
-108.423742
-95.314118
-106.071581
-102.352923
-98.233752
-102.326066
-99.978810
-103.275302
-95.258053
-99.346454
-97.719026
-102.636008
-99.917848
-102.237941
-95.430514
-91.381455
-97.169962
-98.490101
-94.953240
-110.398805
-93.593650
-93.753634
-98.413164
-92.940953
-87.919476
-97.378046
-103.622635
-100.388928
-93.193794
-96.753827
-95.687728
-93.468040
-103.051907
-97.898291
-91.925156
-93.599793
-94.964271
-102.997906
-95.052112
-108.891745
-98.640245
-107.884831
-95.131846
-96.474373
-93.544942
-96.951532
-94.182051
-101.257351
-105.141944
-102.065887
-104.000000
-119.880563
-108.120804
-98.820909
-111.058013
-104.853447
-100.960055
-109.112686
-111.494707
-101.603159
-102.138771
-97.312317
-93.987688
-99.966705
-100.239196
-115.092122
-99.872471
-88.656454
-107.037428
-92.294985
-106.687904
-92.567194
-88.161190
-113.802197
-106.122030
-100.893366
-85.990458
-111.415424
-98.832868
-106.799567
-102.576014
-93.865300
-103.659886
-106.726969
-91.943350
-94.718549
-96.150157
-97.578044
-94.661233
-89.190567
-97.023215
-106.142380
-105.730343
-99.905691
-104.167735
-97.957936
-107.810826
-104.735802
-91.531392
-112.365800
-99.359039
-102.771030
-103.047500
-89.295241
-101.898449
-86.559614
-88.267763
-99.322656
-95.028845
-107.978638
-101.512358
-110.902325
-99.057668
-106.633607
-96.247693
-99.599790
-101.126215
-110.036316
-103.276707
-116.013439
-110.398839
-98.618344
-109.625383
-102.356287
-106.943019
-89.583470
-89.133974
-110.704988
-102.762111
-101.597370
-100.716823
-108.910212
-92.925991
-90.515199
-100.803678
-89.683480
-105.747852
-106.443050
-110.449306
-109.667043
-92.904185
-96.192045
-111.108753
-107.210432
-91.992314
-109.208284
-106.257806
-99.171963
-92.202633
-106.215493
-105.967199
-105.174045
-108.760321
-102.070909
-103.147052
-92.818948
-96.966398
-111.134258
-95.841619
-95.864143
-110.839521
-111.888358
-105.301426
-90.367273
-88.015189
-83.003657
-87.993405
-93.037351
-81.300475
-91.818927
-101.835902
-97.752535
-112.033695
-116.840612
-90.947778
-96.234018
-104.718012
-103.128976
-110.949747
-90.871263
-105.710768
-95.097931
-101.480781
-94.941254
-103.740225
-82.300828
-98.394448
-116.922657
-80.029668
-114.223483
-107.685282
-88.455903
-96.930959
-97.277197
-104.276070
-103.494999
-88.077578
-115.028572
-100.030943
-103.679537
-94.370360
-95.942994
-105.420032
-101.408618
-114.740865
-95.996388
-111.573379
-104.957290
-101.381728
-109.266846
-92.309631
-100.842369
-92.758819
-106.596534
-93.866805
-89.284805
-92.216972
-100.797249
-102.680391
-105.672491
-95.075602
-105.557832
-104.556499
-90.970391
-92.809885
-104.405108
-108.187017
-93.759557
-105.243108
-79.461320
-93.781579
-101.576572
-102.953508
-92.585315
-127.259755
-97.274251
-93.435757
-102.589243
-101.417956
-103.522746
-110.948664
-105.853977
-103.211111
-88.129587
-108.722600
-101.456851
-95.998704
-90.570133
-109.764945
-118.177705
-98.881510
-96.233879
-97.992601
-89.297920
-100.510128
-100.455605
-107.810257
-96.982405
-99.235279
-107.730490
-98.839591
-93.376646
-96.908662
-107.539441
-96.464673
-109.259293
-90.364783
-121.436812
-109.550753
-94.213924
-84.541181
-94.828241
-99.955867
-109.911426
-94.086956
-110.924971
-94.713906
-98.178547
-110.048619
-91.364285
-118.170914
-93.191862
-88.174945
-91.093536
-104.432995
-107.865725
-115.651853
-80.442535
-101.598646
-110.436778
-102.487992
-91.385772
-96.006228
-93.521205
-115.913535
-107.670781
-98.723754
-108.602540
-108.652852
-103.342124
-100.152194
-109.462285
-99.154656
-97.026362
-112.344132
-102.238466
-105.000000
-102.238466
-112.344132
-97.026362
-99.154656
-109.462285
-100.152194
-103.342124
-108.652852
-108.602540
-98.723754
-107.670781
-115.913535
-93.521205
-96.006228
-91.385772
-102.487992
-110.436778
-101.598646
-80.442535
-115.651853
-107.865725
-104.432995
-91.093536
-88.174945
-93.191862
-118.170914
-91.364285
-110.048619
-98.178547
-94.713906
-110.924971
-94.086956
-109.911426
-99.955867
-94.828241
-84.541181
-94.213924
-109.550753
-121.436812
-90.364783
-109.259293
-96.464673
-107.539441
-96.908662
-93.376646
-98.839591
-107.730490
-99.235279
-96.982405
-107.810257
-100.455605
-100.510128
-89.297920
-97.992601
-96.233879
-98.881510
-118.177705
-109.764945
-90.570133
-95.998704
-101.456851
-108.722600
-88.129587
-103.211111
-105.853977
-110.948664
-103.522746
-101.417956
-102.589243
-93.435757
-97.274251
-127.259755
-92.585315
-102.953508
-101.576572
-93.781579
-79.461320
-105.243108
-93.759557
-108.187017
-104.405108
-92.809885
-90.970391
-104.556499
-105.557832
-95.075602
-105.672491
-102.680391
-100.797249
-92.216972
-89.284805
-93.866805
-106.596534
-92.758818
-100.842369
-92.309631
-109.266846
-101.381728
-104.957290
-111.573379
-95.996388
-114.740864
-101.408618
-105.420032
-95.942994
-94.370360
-103.679537
-100.030943
-115.028572
-88.077578
-103.494999
-104.276070
-97.277197
-96.930959
-88.455903
-107.685282
-114.223483
-80.029668
-116.922657
-98.394448
-82.300828
-103.740225
-94.941254
-101.480781
-95.097931
-105.710768
-90.871263
-110.949747
-103.128976
-104.718012
-96.234018
-90.947778
-116.840612
-112.033695
-97.752535
-101.835902
-91.818927
-81.300475
-93.037351
-87.993405
-83.003657
-88.015189
-90.367273
-105.301426
-111.888358
-110.839521
-95.864143
-95.841619
-111.134258
-96.966398
-92.818948
-103.147052
-102.070909
-108.760321
-105.174045
-105.967199
-106.215493
-92.202633
-99.171963
-106.257806
-109.208284
-91.992314
-107.210432
-111.108753
-96.192045
-92.904185
-109.667043
-110.449306
-106.443050
-105.747852
-89.683480
-100.803678
-90.515199
-92.925991
-108.910212
-100.716823
-101.597370
-102.762111
-110.704988
-89.133974
-89.583470
-106.943019
-102.356287
-109.625383
-98.618344
-110.398839
-116.013439
-103.276707
-110.036316
-101.126215
-99.599790
-96.247693
-106.633607
-99.057668
-110.902325
-101.512358
-107.978638
-95.028845
-99.322656
-88.267763
-86.559614
-101.898449
-89.295241
-103.047500
-102.771030
-99.359039
-112.365800
-91.531392
-104.735802
-107.810826
-97.957936
-104.167735
-99.905691
-105.730343
-106.142380
-97.023215
-89.190567
-94.661233
-97.578044
-96.150157
-94.718549
-91.943350
-106.726969
-103.659886
-93.865300
-102.576014
-106.799567
-98.832868
-111.415424
-85.990458
-100.893366
-106.122030
-113.802197
-88.161190
-92.567194
-106.687904
-92.294985
-107.037428
-88.656454
-99.872471
-115.092122
-100.239196
-99.966705
-93.987688
-97.312317
-102.138771
-101.603159
-111.494707
-109.112686
-100.960055
-104.853447
-111.058013
-98.820909
-108.120804
-119.880563
-104.000000
-102.065887
-105.141944
-101.257351
-94.182051
-96.951532
-93.544942
-96.474373
-95.131846
-107.884831
-98.640245
-108.891745
-95.052112
-102.997906
-94.964271
-93.599793
-91.925156
-97.898291
-103.051907
-93.468040
-95.687728
-96.753827
-93.193794
-100.388928
-103.622635
-97.378046
-87.919476
-92.940953
-98.413164
-93.753634
-93.593650
-110.398805
-94.953240
-98.490101
-97.169962
-91.381455
-95.430514
-102.237942
-99.917848
-102.636008
-97.719026
-99.346453
-95.258053
-103.275302
-99.978810
-102.326066
-98.233752
-102.352922
-106.071581
-95.314118
-108.423742
-102.702115
-101.970574
-109.354868
-90.040031
-89.295180
-94.326477
-100.836383
-91.934357
-104.748261
-103.920752
-94.929711
-96.598359
-96.377310
-98.095452
-104.901759
-103.545970
-91.946342
-95.353245
-102.324151
-93.677639
-102.780503
-96.390801
-90.711353
-99.644110
-92.526365
-100.798542
-98.710082
-106.185035
-93.298812
-101.151636
-105.619323
-97.094338
-102.862005
-94.658819
-104.390873
-101.501176
-96.455473
-103.906192
-98.566815
-102.712243
-100.370192
-97.836887
-104.137708
-98.433879
-100.701584
-88.659802
-96.508633
-95.459320
-101.529679
-94.733709
-106.346040
-98.407393
-102.091650
-95.121588
-104.098188
-101.017137
-94.589773
-100.928781
-103.887461
-101.811868
-95.592819
-100.994754
-105.567451
-98.085498
-100.901840
-99.734353
-105.628236
-98.562258
-97.175525
-98.329009
-97.918959
-100.205079
-92.185611
-104.852016
-94.546204
-100.727804
-95.936185
-101.050253
-99.776049
-98.348298
-99.066074
-99.251651
-103.704642
-102.495805
-101.833041
-98.446655
-99.082993
-98.247650
-98.196039
-96.748984
-96.917992
-102.046184
-97.454410
-102.983570
-97.182726
-98.831925
-104.370874
-99.473272
-102.705499
-102.615094
-100.862809
-101.308866
-99.480659
-98.818012
-102.807600
-98.690946
-96.692024
-97.061934
-99.121091
-104.772761
-102.233878
-105.818120
-98.226097
-99.345650
-101.252802
-101.080653
-97.866370
-100.882636
-97.596318
-100.601820
-98.109566
-98.864432
-99.078447
-102.068164
-101.700705
-102.232244
-98.364534
-97.858990
-96.749462
-100.687733
-103.472474
-101.062467
-99.354157
-99.942294
-100.805154
-103.336506
-99.650872
-96.779665
-95.326379
-99.989086
-99.953874
-102.445744
-98.549275
-98.475192
-97.364654
-100.723715
-102.470892
-101.043103
-104.408797
-98.962873
-96.567546
-98.657264
-100.599197
-97.868175
-98.795035
-100.264586
-101.341755
-98.874029
-100.968884
-100.559501
-99.869115
-100.252591
-98.969483
-97.482201
-100.355526
-99.317597
-99.317065
-99.861088
-99.567276
-98.155263
-99.776360
-99.234656
-101.120347
-99.299918
-100.072403
-98.795414
-100.175446
-99.181971
-99.554535
-99.207310
-100.066401
-99.425999
-100.316048
-99.648031
-99.801393
-100.288746
-100.765951
-99.295492
-99.525159
-100.158560
-100.076957
-100.228333
-99.894008
-100.304365
-100.114782
-100.461577
-100.479893
-101.371433
-101.740960
-102.510888
-103.780600
-106.212885
-112.275631
-133.278611
51446.738829
