0
201
402
603
804
1006
1207
1408
1609
1810
2011
2212
2412
2613
2814
3014
3214
3415
3615
3815
4014
4214
4414
4613
4812
5011
5210
5409
5607
5805
6003
6201
6398
6596
6793
6989
7186
7382
7578
7774
7969
8164
8359
8553
8747
8941
9135
9328
9520
9713
9905
10096
10288
10479
10669
10859
11049
11238
11427
11615
11803
11991
12178
12365
12551
12736
12922
13106
13290
13474
13657
13840
14022
14204
14385
14565
14745
14925
15104
15282
15460
15637
15814
15990
16165
16340
16514
16687
16860
17032
17204
17375
17545
17715
17884
18052
18220
18387
18553
18719
18883
19047
19211
19374
19535
19697
19857
20017
20176
20334
20491
20648
20804
20959
21113
21267
21420
21571
21723
21873
22022
22171
22319
22466
22612
22757
22901
23045
23187
23329
23470
23610
23749
23887
24025
24161
24297
24431
24565
24698
24829
24960
25090
25219
25347
25474
25600
25725
25850
25973
26095
26216
26336
26456
26574
26691
26807
26923
27037
27150
27262
27373
27483
27592
27700
27807
27913
28018
28122
28225
28327
28427
28527
28625
28723
28819
28914
29008
29101
29193
29284
29374
29462
29550
29636
29722
29806
29889
29971
30052
30131
30210
30287
30363
30438
30512
30585
30657
30727
30797
30865
30932
30998
31062
31126
31188
31249
31309
31368
31425
31482
31537
31591
31644
31696
31746
31795
31843
31890
31936
31980
32023
32066
32106
32146
32184
32222
32257
32292
32326
32358
32389
32419
32448
32475
32501
32526
32550
32572
32594
32614
32633
32650
32667
32682
32696
32708
32720
32730
32739
32747
32753
32758
32762
32765
32767
32767
32766
32764
32760
32756
32750
32743
32735
32725
32714
32702
32689
32674
32659
32642
32623
32604
32583
32561
32538
32514
32488
32462
32433
32404
32374
32342
32309
32275
32240
32203
32165
32126
32086
32045
32002
31958
31913
31867
31819
31771
31721
31670
31618
31564
31510
31454
31397
31339
31279
31219
31157
31094
31030
30965
30898
30831
30762
30692
30621
30549
30476
30401
30325
30249
30171
30092
30011
29930
29848
29764
29679
29593
29506
29418
29329
29239
29147
29055
28961
28867
28771
28674
28576
28477
28377
28276
28174
28070
27966
27861
27754
27647
27538
27428
27318
27206
27094
26980
26865
26749
26633
26515
26396
26276
26156
26034
25911
25788
25663
25537
25411
25283
25155
25025
24895
24764
24631
24498
24364
24229
24093
23956
23818
23680
23540
23400
23258
23116
22973
22829
22684
22539
22392
22245
22097
21948
21798
21647
21496
21343
21190
21036
20882
20726
20570
20413
20255
20096
19937
19777
19616
19455
19292
19129
18966
18801
18636
18470
18303
18136
17968
17800
17630
17460
17290
17118
16946
16774
16601
16427
16252
16077
15902
15725
15549
15371
15193
15014
14835
14656
14475
14294
14113
13931
13749
13566
13382
13198
13014
12829
12644
12458
12271
12084
11897
11709
11521
11333
11144
10954
10764
10574
10383
10192
10001
9809
9617
9424
9231
9038
8844
8650
8456
8261
8067
7871
7676
7480
7284
7088
6891
6694
6497
6300
6102
5904
5706
5508
5309
5111
4912
4713
4513
4314
4114
3915
3715
3515
3315
3114
2914
2713
2513
2312
2111
1910
1709
1508
1307
1106
905
704
503
301
100
-101
-302
-504
-705
-906
-1107
-1308
-1509
-1710
-1911
-2112
-2313
-2514
-2714
-2915
-3115
-3316
-3516
-3716
-3916
-4115
-4315
-4514
-4714
-4913
-5112
-5310
-5509
-5707
-5905
-6103
-6301
-6498
-6695
-6892
-7089
-7285
-7481
-7677
-7872
-8068
-8262
-8457
-8651
-8845
-9039
-9232
-9425
-9618
-9810
-10002
-10193
-10384
-10575
-10765
-10955
-11145
-11334
-11522
-11710
-11898
-12085
-12272
-12459
-12645
-12830
-13015
-13199
-13383
-13567
-13750
-13932
-14114
-14295
-14476
-14657
-14836
-15015
-15194
-15372
-15550
-15726
-15903
-16078
-16253
-16428
-16602
-16775
-16947
-17119
-17291
-17461
-17631
-17801
-17969
-18137
-18304
-18471
-18637
-18802
-18967
-19130
-19293
-19456
-19617
-19778
-19938
-20097
-20256
-20414
-20571
-20727
-20883
-21037
-21191
-21344
-21497
-21648
-21799
-21949
-22098
-22246
-22393
-22540
-22685
-22830
-22974
-23117
-23259
-23401
-23541
-23681
-23819
-23957
-24094
-24230
-24365
-24499
-24632
-24765
-24896
-25026
-25156
-25284
-25412
-25538
-25664
-25789
-25912
-26035
-26157
-26277
-26397
-26516
-26634
-26750
-26866
-26981
-27095
-27207
-27319
-27429
-27539
-27648
-27755
-27862
-27967
-28071
-28175
-28277
-28378
-28478
-28577
-28675
-28772
-28868
-28962
-29056
-29148
-29240
-29330
-29419
-29507
-29594
-29680
-29765
-29849
-29931
-30012
-30093
-30172
-30250
-30326
-30402
-30477
-30550
-30622
-30693
-30763
-30832
-30899
-30966
-31031
-31095
-31158
-31220
-31280
-31340
-31398
-31455
-31511
-31565
-31619
-31671
-31722
-31772
-31820
-31868
-31914
-31959
-32003
-32046
-32087
-32127
-32166
-32204
-32241
-32276
-32310
-32343
-32375
-32405
-32434
-32463
-32489
-32515
-32539
-32562
-32584
-32605
-32624
-32643
-32660
-32675
-32690
-32703
-32715
-32726
-32736
-32744
-32751
-32757
-32761
-32765
-32767
-32768
-32768
-32766
-32763
-32759
-32754
-32748
-32740
-32731
-32721
-32709
-32697
-32683
-32668
-32651
-32634
-32615
-32595
-32573
-32551
-32527
-32502
-32476
-32449
-32420
-32390
-32359
-32327
-32293
-32258
-32223
-32185
-32147
-32107
-32067
-32024
-31981
-31937
-31891
-31844
-31796
-31747
-31697
-31645
-31592
-31538
-31483
-31426
-31369
-31310
-31250
-31189
-31127
-31063
-30999
-30933
-30866
-30798
-30728
-30658
-30586
-30513
-30439
-30364
-30288
-30211
-30132
-30053
-29972
-29890
-29807
-29723
-29637
-29551
-29463
-29375
-29285
-29194
-29102
-29009
-28915
-28820
-28724
-28626
-28528
-28428
-28328
-28226
-28123
-28019
-27914
-27808
-27701
-27593
-27484
-27374
-27263
-27151
-27038
-26924
-26808
-26692
-26575
-26457
-26337
-26217
-26096
-25974
-25851
-25726
-25601
-25475
-25348
-25220
-25091
-24961
-24830
-24699
-24566
-24432
-24298
-24162
-24026
-23888
-23750
-23611
-23471
-23330
-23188
-23046
-22902
-22758
-22613
-22467
-22320
-22172
-22023
-21874
-21724
-21572
-21421
-21268
-21114
-20960
-20805
-20649
-20492
-20335
-20177
-20018
-19858
-19698
-19536
-19375
-19212
-19048
-18884
-18720
-18554
-18388
-18221
-18053
-17885
-17716
-17546
-17376
-17205
-17033
-16861
-16688
-16515
-16341
-16166
-15991
-15815
-15638
-15461
-15283
-15105
-14926
-14746
-14566
-14386
-14205
-14023
-13841
-13658
-13475
-13291
-13107
-12923
-12737
-12552
-12366
-12179
-11992
-11804
-11616
-11428
-11239
-11050
-10860
-10670
-10480
-10289
-10097
-9906
-9714
-9521
-9329
-9136
-8942
-8748
-8554
-8360
-8165
-7970
-7775
-7579
-7383
-7187
-6990
-6794
-6597
-6399
-6202
-6004
-5806
-5608
-5410
-5211
-5012
-4813
-4614
-4415
-4215
-4015
-3816
-3616
-3416
-3215
-3015
-2815
-2614
-2413
-2213
-2012
-1811
-1610
-1409
-1208
-1007
-805
-604
-403
-202
0
